Not running on IPython and trying to use the ShellGUI may result in unexpected behavior.
DYSH_BENCH_STAGE_MS[GBTFITSLoad]=3292.427
DYSH_BENCH_STAGE_MS[setup_tcal]=3649.579
FDnum =  0
TSYS_FDNUM_0=278.7365
   tsys =  278.7364600828698
DYSH_BENCH_STAGE_MS[fdnum_0]=5307.142
FDnum =  1
TSYS_FDNUM_1=221.7273
   tsys =  221.7273175075323
DYSH_BENCH_STAGE_MS[fdnum_1]=5411.253
FDnum =  2
TSYS_FDNUM_2=227.6413
   tsys =  227.64132669014768
DYSH_BENCH_STAGE_MS[fdnum_2]=5974.716
FDnum =  3
TSYS_FDNUM_3=267.5681
   tsys =  267.5680841315564
DYSH_BENCH_STAGE_MS[fdnum_3]=6602.919
FDnum =  4
TSYS_FDNUM_4=223.7354
   tsys =  223.73539610421932
DYSH_BENCH_STAGE_MS[fdnum_4]=6134.287
FDnum =  5
TSYS_FDNUM_5=269.5589
   tsys =  269.55890089217763
DYSH_BENCH_STAGE_MS[fdnum_5]=5964.208
FDnum =  6
TSYS_FDNUM_6=212.8382
   tsys =  212.8382250044268
DYSH_BENCH_STAGE_MS[fdnum_6]=6030.170
FDnum =  7
TSYS_FDNUM_7=233.0267
   tsys =  233.02670389183567
DYSH_BENCH_STAGE_MS[fdnum_7]=5814.097
FDnum =  8
TSYS_FDNUM_8=227.2390
   tsys =  227.23897496609078
DYSH_BENCH_STAGE_MS[fdnum_8]=5860.502
FDnum =  9
TSYS_FDNUM_9=218.2279
   tsys =  218.2278546294493
DYSH_BENCH_STAGE_MS[fdnum_9]=5452.569
FDnum =  10
TSYS_FDNUM_10=216.6058
   tsys =  216.60582530697857
DYSH_BENCH_STAGE_MS[fdnum_10]=5813.227
FDnum =  11
TSYS_FDNUM_11=240.6028
   tsys =  240.6027501010498
DYSH_BENCH_STAGE_MS[fdnum_11]=5966.454
FDnum =  12
TSYS_FDNUM_12=224.2217
   tsys =  224.2217466820656
DYSH_BENCH_STAGE_MS[fdnum_12]=5786.153
FDnum =  13
TSYS_FDNUM_13=217.3012
   tsys =  217.30117823611027
DYSH_BENCH_STAGE_MS[fdnum_13]=5752.782
FDnum =  14
TSYS_FDNUM_14=232.6300
   tsys =  232.6300432359687
DYSH_BENCH_STAGE_MS[fdnum_14]=5853.887
FDnum =  15
TSYS_FDNUM_15=214.0411
   tsys =  214.04107875477257
DYSH_BENCH_STAGE_MS[fdnum_15]=5744.980
DYSH_BENCH_STAGE_MS[feed_loop_total]=93469.388
DYSH_BENCH_SCRIPT_MS=100411.412
